2023-09-26 09:27:22,202 INFO numerapi.utils: target file already exists
2023-09-26 09:27:22,203 INFO numerapi.utils: download complete
2023-09-26 09:27:23,329 INFO numerapi.utils: target file already exists
2023-09-26 09:27:23,329 INFO numerapi.utils: download complete
2023-09-26 09:27:24,410 INFO numerapi.utils: target file already exists
2023-09-26 09:27:24,410 INFO numerapi.utils: download complete
2023-09-26 09:27:25,480 INFO numerapi.utils: target file already exists
2023-09-26 09:27:25,480 INFO numerapi.utils: download complete
[[0.7425493  0.94452143 0.86629398 0.82223313 0.79683872 0.69014299
  0.82131995 0.68047295 0.78058217 0.72665129 0.86291256 0.71565816
  0.88320048 0.84003781 0.8502816  0.84482309 0.83520769 0.79707264
  0.83309189 0.80063066 0.80102256 0.86241496 0.79485457]
 [1.         0.73650125 0.70936255 0.71951051 0.7016301  0.61361671
  0.71903621 0.59716146 0.68530398 0.64502031 0.71738076 0.60609704
  0.72325496 0.69483937 0.69548047 0.69251725 0.69181814 0.66650361
  0.68936294 0.66876632 0.66796696 0.70789819 0.70040358]
 [0.73650125 1.         0.86420065 0.82088108 0.79486814 0.70306272
  0.8122959  0.69252027 0.77869433 0.72051043 0.86125079 0.73088598
  0.87381926 0.84141142 0.85154264 0.84614301 0.83661142 0.81142907
  0.82736801 0.81418364 0.7999027  0.85628601 0.79289866]
 [0.70936255 0.86420065 1.         0.86693021 0.804342   0.69540434
  0.78179137 0.66793001 0.78675267 0.69607932 0.86011737 0.71640401
  0.82907758 0.8980946  0.88283752 0.87609967 0.89001567 0.77473114
  0.80560411 0.77770237 0.81108114 0.85090866 0.80792874]
 [0.71951051 0.82088108 0.86693021 1.         0.84318151 0.70792871
  0.81663013 0.66701418 0.81657501 0.72208145 0.82204654 0.68715165
  0.79234183 0.83377563 0.83566882 0.83094178 0.82961281 0.73492132
  0.76127712 0.73749249 0.76439128 0.80093351 0.84050946]
 [0.7016301  0.79486814 0.804342   0.84318151 1.         0.68370885
  0.79829287 0.64994031 0.91018044 0.76167388 0.87949857 0.68248377
  0.77647612 0.78339661 0.78371412 0.78023766 0.77983731 0.73136423
  0.76919063 0.73208346 0.76932478 0.768404   0.96278143]
 [0.61361671 0.70306272 0.69540434 0.70792871 0.68370885 1.
  0.67264047 0.76614783 0.69056836 0.62306184 0.72608061 0.84560323
  0.68090338 0.68462033 0.68692294 0.68422572 0.68233721 0.67603888
  0.65884386 0.67683416 0.66792983 0.66911858 0.69114196]
 [0.71903621 0.8122959  0.78179137 0.81663013 0.79829287 0.67264047
  1.         0.65673247 0.77369182 0.76152553 0.78516491 0.65320686
  0.87303693 0.76366688 0.76396779 0.76031656 0.76019193 0.73012022
  0.76485676 0.73245933 0.73129083 0.78537302 0.79677539]
 [0.59716146 0.69252027 0.66793001 0.66701418 0.64994031 0.76614783
  0.65673247 1.         0.63669974 0.58363405 0.67855232 0.76509564
  0.70490191 0.65963513 0.66203954 0.65962831 0.65750456 0.65806703
  0.63370353 0.66039816 0.63903192 0.65521161 0.64878139]
 [0.68530398 0.77869433 0.78675267 0.81657501 0.91018044 0.69056836
  0.77369182 0.63669974 1.         0.76966191 0.86003871 0.67029187
  0.75832701 0.76597757 0.76711404 0.76341357 0.76272878 0.71583666
  0.75312352 0.71679949 0.75336676 0.7521792  0.90242046]
 [0.64502031 0.72051043 0.69607932 0.72208145 0.76167388 0.62306184
  0.76152553 0.58363405 0.76966191 1.         0.74998913 0.60159629
  0.73456581 0.6821285  0.68255949 0.67979618 0.67943711 0.69897288
  0.76630064 0.69735188 0.71542915 0.72014804 0.75930723]
 [0.71738076 0.86125079 0.86011737 0.82204654 0.87949857 0.72608061
  0.78516491 0.67855232 0.86003871 0.74998913 1.         0.73645091
  0.84911116 0.83767148 0.84494319 0.84074774 0.83353804 0.78524042
  0.8249232  0.785857   0.82308429 0.82526044 0.87714685]
 [0.60609704 0.73088598 0.71640401 0.68715165 0.68248377 0.84560323
  0.65320686 0.76509564 0.67029187 0.60159629 0.73645091 1.
  0.71289576 0.70482333 0.71184677 0.70911411 0.70252939 0.70013854
  0.67698141 0.7012054  0.68854265 0.68920378 0.6797605 ]
 [0.72325496 0.87381926 0.82907758 0.79234183 0.77647612 0.68090338
  0.87303693 0.70490191 0.75832701 0.73456581 0.84911116 0.71289576
  1.         0.80872541 0.81630295 0.81199609 0.80472761 0.77620019
  0.8121494  0.77948012 0.77941623 0.8333622  0.77492979]
 [0.69483937 0.84141142 0.8980946  0.83377563 0.78339661 0.68462033
  0.76366688 0.65963513 0.76597757 0.6821285  0.83767148 0.70482333
  0.80872541 1.         0.93887049 0.92348812 0.95147411 0.76154086
  0.80320134 0.76521186 0.80741581 0.85376844 0.78683399]
 [0.69548047 0.85154264 0.88283752 0.83566882 0.78371412 0.68692294
  0.76396779 0.66203954 0.76711404 0.68255949 0.84494319 0.71184677
  0.81630295 0.93887049 1.         0.95194286 0.92424493 0.75505593
  0.79435553 0.75878139 0.79948152 0.84397621 0.78218137]
 [0.69251725 0.84614301 0.87609967 0.83094178 0.78023766 0.68422572
  0.76031656 0.65962831 0.76341357 0.67979618 0.84074774 0.70911411
  0.81199609 0.92348812 0.95194286 1.         0.93754846 0.75156732
  0.78982224 0.75511572 0.7945663  0.83816514 0.77835598]
 [0.69181814 0.83661142 0.89001567 0.82961281 0.77983731 0.68233721
  0.76019193 0.65750456 0.76272878 0.67943711 0.83353804 0.70252939
  0.80472761 0.95147411 0.92424493 0.93754846 1.         0.75819262
  0.79817658 0.76181805 0.80269605 0.84779653 0.7830894 ]
 [0.66650361 0.81142907 0.77473114 0.73492132 0.73136423 0.67603888
  0.73012022 0.65806703 0.71583666 0.69897288 0.78524042 0.70013854
  0.77620019 0.76154086 0.75505593 0.75156732 0.75819262 1.
  0.78835288 0.82511487 0.76388341 0.77653151 0.73349241]
 [0.68936294 0.82736801 0.80560411 0.76127712 0.76919063 0.65884386
  0.76485676 0.63370353 0.75312352 0.76630064 0.8249232  0.67698141
  0.8121494  0.80320134 0.79435553 0.78982224 0.79817658 0.78835288
  1.         0.7932592  0.8380886  0.86400662 0.77200878]
 [0.66876632 0.81418364 0.77770237 0.73749249 0.73208346 0.67683416
  0.73245933 0.66039816 0.71679949 0.69735188 0.785857   0.7012054
  0.77948012 0.76521186 0.75878139 0.75511572 0.76181805 0.82511487
  0.7932592  1.         0.76450735 0.77997841 0.73451388]
 [0.66796696 0.7999027  0.81108114 0.76439128 0.76932478 0.66792983
  0.73129083 0.63903192 0.75336676 0.71542915 0.82308429 0.68854265
  0.77941623 0.80741581 0.79948152 0.7945663  0.80269605 0.76388341
  0.8380886  0.76450735 1.         0.79650006 0.77142624]
 [0.70789819 0.85628601 0.85090866 0.80093351 0.768404   0.66911858
  0.78537302 0.65521161 0.7521792  0.72014804 0.82526044 0.68920378
  0.8333622  0.85376844 0.84397621 0.83816514 0.84779653 0.77653151
  0.86400662 0.77997841 0.79650006 1.         0.77182884]
 [0.70040358 0.79289866 0.80792874 0.84050946 0.96278143 0.69114196
  0.79677539 0.64878139 0.90242046 0.75930723 0.87714685 0.6797605
  0.77492979 0.78683399 0.78218137 0.77835598 0.7830894  0.73349241
  0.77200878 0.73451388 0.77142624 0.77182884 1.        ]]
It takes 27.27109368244807 minutes for training the models :
                                  mean  ...  mean_corr_with_cryus
prediction_target_tyler_v4_20 0.017908  ...              0.695112
prediction_target_alpha_v4_20 0.015445  ...              0.761973
prediction_target_cyrus_v4_20 0.019078  ...              1.000000

[3 rows x 5 columns]
Traceback (most recent call last):
  File "/root/Documents/github_repos/bs_ml/main.py", line 212, in <module>
    favorite_targets = [element for element in least_correlated_targets[0:2]]
TypeError: 'set' object is not subscriptable
2023-09-26 10:29:17,230 INFO numerapi.utils: target file already exists
2023-09-26 10:29:17,231 INFO numerapi.utils: download complete
2023-09-26 10:29:18,337 INFO numerapi.utils: target file already exists
2023-09-26 10:29:18,337 INFO numerapi.utils: download complete
2023-09-26 10:29:19,417 INFO numerapi.utils: target file already exists
2023-09-26 10:29:19,417 INFO numerapi.utils: download complete
2023-09-26 10:29:20,464 INFO numerapi.utils: target file already exists
2023-09-26 10:29:20,464 INFO numerapi.utils: download complete
[[0.7425493  0.94452143 0.86629398 0.82223313 0.79683872 0.69014299
  0.82131995 0.68047295 0.78058217 0.72665129 0.86291256 0.71565816
  0.88320048 0.84003781 0.8502816  0.84482309 0.83520769 0.79707264
  0.83309189 0.80063066 0.80102256 0.86241496 0.79485457]
 [1.         0.73650125 0.70936255 0.71951051 0.7016301  0.61361671
  0.71903621 0.59716146 0.68530398 0.64502031 0.71738076 0.60609704
  0.72325496 0.69483937 0.69548047 0.69251725 0.69181814 0.66650361
  0.68936294 0.66876632 0.66796696 0.70789819 0.70040358]
 [0.73650125 1.         0.86420065 0.82088108 0.79486814 0.70306272
  0.8122959  0.69252027 0.77869433 0.72051043 0.86125079 0.73088598
  0.87381926 0.84141142 0.85154264 0.84614301 0.83661142 0.81142907
  0.82736801 0.81418364 0.7999027  0.85628601 0.79289866]
 [0.70936255 0.86420065 1.         0.86693021 0.804342   0.69540434
  0.78179137 0.66793001 0.78675267 0.69607932 0.86011737 0.71640401
  0.82907758 0.8980946  0.88283752 0.87609967 0.89001567 0.77473114
  0.80560411 0.77770237 0.81108114 0.85090866 0.80792874]
 [0.71951051 0.82088108 0.86693021 1.         0.84318151 0.70792871
  0.81663013 0.66701418 0.81657501 0.72208145 0.82204654 0.68715165
  0.79234183 0.83377563 0.83566882 0.83094178 0.82961281 0.73492132
  0.76127712 0.73749249 0.76439128 0.80093351 0.84050946]
 [0.7016301  0.79486814 0.804342   0.84318151 1.         0.68370885
  0.79829287 0.64994031 0.91018044 0.76167388 0.87949857 0.68248377
  0.77647612 0.78339661 0.78371412 0.78023766 0.77983731 0.73136423
  0.76919063 0.73208346 0.76932478 0.768404   0.96278143]
 [0.61361671 0.70306272 0.69540434 0.70792871 0.68370885 1.
  0.67264047 0.76614783 0.69056836 0.62306184 0.72608061 0.84560323
  0.68090338 0.68462033 0.68692294 0.68422572 0.68233721 0.67603888
  0.65884386 0.67683416 0.66792983 0.66911858 0.69114196]
 [0.71903621 0.8122959  0.78179137 0.81663013 0.79829287 0.67264047
  1.         0.65673247 0.77369182 0.76152553 0.78516491 0.65320686
  0.87303693 0.76366688 0.76396779 0.76031656 0.76019193 0.73012022
  0.76485676 0.73245933 0.73129083 0.78537302 0.79677539]
 [0.59716146 0.69252027 0.66793001 0.66701418 0.64994031 0.76614783
  0.65673247 1.         0.63669974 0.58363405 0.67855232 0.76509564
  0.70490191 0.65963513 0.66203954 0.65962831 0.65750456 0.65806703
  0.63370353 0.66039816 0.63903192 0.65521161 0.64878139]
 [0.68530398 0.77869433 0.78675267 0.81657501 0.91018044 0.69056836
  0.77369182 0.63669974 1.         0.76966191 0.86003871 0.67029187
  0.75832701 0.76597757 0.76711404 0.76341357 0.76272878 0.71583666
  0.75312352 0.71679949 0.75336676 0.7521792  0.90242046]
 [0.64502031 0.72051043 0.69607932 0.72208145 0.76167388 0.62306184
  0.76152553 0.58363405 0.76966191 1.         0.74998913 0.60159629
  0.73456581 0.6821285  0.68255949 0.67979618 0.67943711 0.69897288
  0.76630064 0.69735188 0.71542915 0.72014804 0.75930723]
 [0.71738076 0.86125079 0.86011737 0.82204654 0.87949857 0.72608061
  0.78516491 0.67855232 0.86003871 0.74998913 1.         0.73645091
  0.84911116 0.83767148 0.84494319 0.84074774 0.83353804 0.78524042
  0.8249232  0.785857   0.82308429 0.82526044 0.87714685]
 [0.60609704 0.73088598 0.71640401 0.68715165 0.68248377 0.84560323
  0.65320686 0.76509564 0.67029187 0.60159629 0.73645091 1.
  0.71289576 0.70482333 0.71184677 0.70911411 0.70252939 0.70013854
  0.67698141 0.7012054  0.68854265 0.68920378 0.6797605 ]
 [0.72325496 0.87381926 0.82907758 0.79234183 0.77647612 0.68090338
  0.87303693 0.70490191 0.75832701 0.73456581 0.84911116 0.71289576
  1.         0.80872541 0.81630295 0.81199609 0.80472761 0.77620019
  0.8121494  0.77948012 0.77941623 0.8333622  0.77492979]
 [0.69483937 0.84141142 0.8980946  0.83377563 0.78339661 0.68462033
  0.76366688 0.65963513 0.76597757 0.6821285  0.83767148 0.70482333
  0.80872541 1.         0.93887049 0.92348812 0.95147411 0.76154086
  0.80320134 0.76521186 0.80741581 0.85376844 0.78683399]
 [0.69548047 0.85154264 0.88283752 0.83566882 0.78371412 0.68692294
  0.76396779 0.66203954 0.76711404 0.68255949 0.84494319 0.71184677
  0.81630295 0.93887049 1.         0.95194286 0.92424493 0.75505593
  0.79435553 0.75878139 0.79948152 0.84397621 0.78218137]
 [0.69251725 0.84614301 0.87609967 0.83094178 0.78023766 0.68422572
  0.76031656 0.65962831 0.76341357 0.67979618 0.84074774 0.70911411
  0.81199609 0.92348812 0.95194286 1.         0.93754846 0.75156732
  0.78982224 0.75511572 0.7945663  0.83816514 0.77835598]
 [0.69181814 0.83661142 0.89001567 0.82961281 0.77983731 0.68233721
  0.76019193 0.65750456 0.76272878 0.67943711 0.83353804 0.70252939
  0.80472761 0.95147411 0.92424493 0.93754846 1.         0.75819262
  0.79817658 0.76181805 0.80269605 0.84779653 0.7830894 ]
 [0.66650361 0.81142907 0.77473114 0.73492132 0.73136423 0.67603888
  0.73012022 0.65806703 0.71583666 0.69897288 0.78524042 0.70013854
  0.77620019 0.76154086 0.75505593 0.75156732 0.75819262 1.
  0.78835288 0.82511487 0.76388341 0.77653151 0.73349241]
 [0.68936294 0.82736801 0.80560411 0.76127712 0.76919063 0.65884386
  0.76485676 0.63370353 0.75312352 0.76630064 0.8249232  0.67698141
  0.8121494  0.80320134 0.79435553 0.78982224 0.79817658 0.78835288
  1.         0.7932592  0.8380886  0.86400662 0.77200878]
 [0.66876632 0.81418364 0.77770237 0.73749249 0.73208346 0.67683416
  0.73245933 0.66039816 0.71679949 0.69735188 0.785857   0.7012054
  0.77948012 0.76521186 0.75878139 0.75511572 0.76181805 0.82511487
  0.7932592  1.         0.76450735 0.77997841 0.73451388]
 [0.66796696 0.7999027  0.81108114 0.76439128 0.76932478 0.66792983
  0.73129083 0.63903192 0.75336676 0.71542915 0.82308429 0.68854265
  0.77941623 0.80741581 0.79948152 0.7945663  0.80269605 0.76388341
  0.8380886  0.76450735 1.         0.79650006 0.77142624]
 [0.70789819 0.85628601 0.85090866 0.80093351 0.768404   0.66911858
  0.78537302 0.65521161 0.7521792  0.72014804 0.82526044 0.68920378
  0.8333622  0.85376844 0.84397621 0.83816514 0.84779653 0.77653151
  0.86400662 0.77997841 0.79650006 1.         0.77182884]
 [0.70040358 0.79289866 0.80792874 0.84050946 0.96278143 0.69114196
  0.79677539 0.64878139 0.90242046 0.75930723 0.87714685 0.6797605
  0.77492979 0.78683399 0.78218137 0.77835598 0.7830894  0.73349241
  0.77200878 0.73451388 0.77142624 0.77182884 1.        ]]
It takes 27.568171962102255 minutes for training the models :
                                  mean  ...  mean_corr_with_cryus
prediction_target_tyler_v4_20 0.017908  ...              0.695112
prediction_target_alpha_v4_20 0.015445  ...              0.761973
prediction_target_cyrus_v4_20 0.019078  ...              1.000000

[3 rows x 5 columns]
Traceback (most recent call last):
  File "/root/Documents/github_repos/bs_ml/main.py", line 213, in <module>
    favorite_targets = least_correlated_targets[0:2]
TypeError: 'set' object is not subscriptable
2023-09-26 12:45:25,475 INFO numerapi.utils: target file already exists
2023-09-26 12:45:25,475 INFO numerapi.utils: download complete
2023-09-26 12:45:26,552 INFO numerapi.utils: target file already exists
2023-09-26 12:45:26,552 INFO numerapi.utils: download complete
2023-09-26 12:45:27,628 INFO numerapi.utils: target file already exists
2023-09-26 12:45:27,628 INFO numerapi.utils: download complete
2023-09-26 12:45:28,662 INFO numerapi.utils: target file already exists
2023-09-26 12:45:28,662 INFO numerapi.utils: download complete
2023-09-26 14:41:01,323 INFO numerapi.utils: target file already exists
2023-09-26 14:41:01,333 INFO numerapi.utils: download complete
2023-09-26 14:41:03,148 INFO numerapi.utils: target file already exists
2023-09-26 14:41:03,149 INFO numerapi.utils: download complete
2023-09-26 14:41:04,836 INFO numerapi.utils: target file already exists
2023-09-26 14:41:04,836 INFO numerapi.utils: download complete
2023-09-26 14:41:06,241 INFO numerapi.utils: target file already exists
2023-09-26 14:41:06,241 INFO numerapi.utils: download complete
[[0.7425493  0.94452143 0.86629398 0.82223313 0.79683872 0.69014299
  0.82131995 0.68047295 0.78058217 0.72665129 0.86291256 0.71565816
  0.88320048 0.84003781 0.8502816  0.84482309 0.83520769 0.79707264
  0.83309189 0.80063066 0.80102256 0.86241496 0.79485457]
 [1.         0.73650125 0.70936255 0.71951051 0.7016301  0.61361671
  0.71903621 0.59716146 0.68530398 0.64502031 0.71738076 0.60609704
  0.72325496 0.69483937 0.69548047 0.69251725 0.69181814 0.66650361
  0.68936294 0.66876632 0.66796696 0.70789819 0.70040358]
 [0.73650125 1.         0.86420065 0.82088108 0.79486814 0.70306272
  0.8122959  0.69252027 0.77869433 0.72051043 0.86125079 0.73088598
  0.87381926 0.84141142 0.85154264 0.84614301 0.83661142 0.81142907
  0.82736801 0.81418364 0.7999027  0.85628601 0.79289866]
 [0.70936255 0.86420065 1.         0.86693021 0.804342   0.69540434
  0.78179137 0.66793001 0.78675267 0.69607932 0.86011737 0.71640401
  0.82907758 0.8980946  0.88283752 0.87609967 0.89001567 0.77473114
  0.80560411 0.77770237 0.81108114 0.85090866 0.80792874]
 [0.71951051 0.82088108 0.86693021 1.         0.84318151 0.70792871
  0.81663013 0.66701418 0.81657501 0.72208145 0.82204654 0.68715165
  0.79234183 0.83377563 0.83566882 0.83094178 0.82961281 0.73492132
  0.76127712 0.73749249 0.76439128 0.80093351 0.84050946]
 [0.7016301  0.79486814 0.804342   0.84318151 1.         0.68370885
  0.79829287 0.64994031 0.91018044 0.76167388 0.87949857 0.68248377
  0.77647612 0.78339661 0.78371412 0.78023766 0.77983731 0.73136423
  0.76919063 0.73208346 0.76932478 0.768404   0.96278143]
 [0.61361671 0.70306272 0.69540434 0.70792871 0.68370885 1.
  0.67264047 0.76614783 0.69056836 0.62306184 0.72608061 0.84560323
  0.68090338 0.68462033 0.68692294 0.68422572 0.68233721 0.67603888
  0.65884386 0.67683416 0.66792983 0.66911858 0.69114196]
 [0.71903621 0.8122959  0.78179137 0.81663013 0.79829287 0.67264047
  1.         0.65673247 0.77369182 0.76152553 0.78516491 0.65320686
  0.87303693 0.76366688 0.76396779 0.76031656 0.76019193 0.73012022
  0.76485676 0.73245933 0.73129083 0.78537302 0.79677539]
 [0.59716146 0.69252027 0.66793001 0.66701418 0.64994031 0.76614783
  0.65673247 1.         0.63669974 0.58363405 0.67855232 0.76509564
  0.70490191 0.65963513 0.66203954 0.65962831 0.65750456 0.65806703
  0.63370353 0.66039816 0.63903192 0.65521161 0.64878139]
 [0.68530398 0.77869433 0.78675267 0.81657501 0.91018044 0.69056836
  0.77369182 0.63669974 1.         0.76966191 0.86003871 0.67029187
  0.75832701 0.76597757 0.76711404 0.76341357 0.76272878 0.71583666
  0.75312352 0.71679949 0.75336676 0.7521792  0.90242046]
 [0.64502031 0.72051043 0.69607932 0.72208145 0.76167388 0.62306184
  0.76152553 0.58363405 0.76966191 1.         0.74998913 0.60159629
  0.73456581 0.6821285  0.68255949 0.67979618 0.67943711 0.69897288
  0.76630064 0.69735188 0.71542915 0.72014804 0.75930723]
 [0.71738076 0.86125079 0.86011737 0.82204654 0.87949857 0.72608061
  0.78516491 0.67855232 0.86003871 0.74998913 1.         0.73645091
  0.84911116 0.83767148 0.84494319 0.84074774 0.83353804 0.78524042
  0.8249232  0.785857   0.82308429 0.82526044 0.87714685]
 [0.60609704 0.73088598 0.71640401 0.68715165 0.68248377 0.84560323
  0.65320686 0.76509564 0.67029187 0.60159629 0.73645091 1.
  0.71289576 0.70482333 0.71184677 0.70911411 0.70252939 0.70013854
  0.67698141 0.7012054  0.68854265 0.68920378 0.6797605 ]
 [0.72325496 0.87381926 0.82907758 0.79234183 0.77647612 0.68090338
  0.87303693 0.70490191 0.75832701 0.73456581 0.84911116 0.71289576
  1.         0.80872541 0.81630295 0.81199609 0.80472761 0.77620019
  0.8121494  0.77948012 0.77941623 0.8333622  0.77492979]
 [0.69483937 0.84141142 0.8980946  0.83377563 0.78339661 0.68462033
  0.76366688 0.65963513 0.76597757 0.6821285  0.83767148 0.70482333
  0.80872541 1.         0.93887049 0.92348812 0.95147411 0.76154086
  0.80320134 0.76521186 0.80741581 0.85376844 0.78683399]
 [0.69548047 0.85154264 0.88283752 0.83566882 0.78371412 0.68692294
  0.76396779 0.66203954 0.76711404 0.68255949 0.84494319 0.71184677
  0.81630295 0.93887049 1.         0.95194286 0.92424493 0.75505593
  0.79435553 0.75878139 0.79948152 0.84397621 0.78218137]
 [0.69251725 0.84614301 0.87609967 0.83094178 0.78023766 0.68422572
  0.76031656 0.65962831 0.76341357 0.67979618 0.84074774 0.70911411
  0.81199609 0.92348812 0.95194286 1.         0.93754846 0.75156732
  0.78982224 0.75511572 0.7945663  0.83816514 0.77835598]
 [0.69181814 0.83661142 0.89001567 0.82961281 0.77983731 0.68233721
  0.76019193 0.65750456 0.76272878 0.67943711 0.83353804 0.70252939
  0.80472761 0.95147411 0.92424493 0.93754846 1.         0.75819262
  0.79817658 0.76181805 0.80269605 0.84779653 0.7830894 ]
 [0.66650361 0.81142907 0.77473114 0.73492132 0.73136423 0.67603888
  0.73012022 0.65806703 0.71583666 0.69897288 0.78524042 0.70013854
  0.77620019 0.76154086 0.75505593 0.75156732 0.75819262 1.
  0.78835288 0.82511487 0.76388341 0.77653151 0.73349241]
 [0.68936294 0.82736801 0.80560411 0.76127712 0.76919063 0.65884386
  0.76485676 0.63370353 0.75312352 0.76630064 0.8249232  0.67698141
  0.8121494  0.80320134 0.79435553 0.78982224 0.79817658 0.78835288
  1.         0.7932592  0.8380886  0.86400662 0.77200878]
 [0.66876632 0.81418364 0.77770237 0.73749249 0.73208346 0.67683416
  0.73245933 0.66039816 0.71679949 0.69735188 0.785857   0.7012054
  0.77948012 0.76521186 0.75878139 0.75511572 0.76181805 0.82511487
  0.7932592  1.         0.76450735 0.77997841 0.73451388]
 [0.66796696 0.7999027  0.81108114 0.76439128 0.76932478 0.66792983
  0.73129083 0.63903192 0.75336676 0.71542915 0.82308429 0.68854265
  0.77941623 0.80741581 0.79948152 0.7945663  0.80269605 0.76388341
  0.8380886  0.76450735 1.         0.79650006 0.77142624]
 [0.70789819 0.85628601 0.85090866 0.80093351 0.768404   0.66911858
  0.78537302 0.65521161 0.7521792  0.72014804 0.82526044 0.68920378
  0.8333622  0.85376844 0.84397621 0.83816514 0.84779653 0.77653151
  0.86400662 0.77997841 0.79650006 1.         0.77182884]
 [0.70040358 0.79289866 0.80792874 0.84050946 0.96278143 0.69114196
  0.79677539 0.64878139 0.90242046 0.75930723 0.87714685 0.6797605
  0.77492979 0.78683399 0.78218137 0.77835598 0.7830894  0.73349241
  0.77200878 0.73451388 0.77142624 0.77182884 1.        ]]
['target_tyler_v4_20', 'target_alpha_v4_20', 'target_cyrus_v4_20']
It takes 443.61374802589415 minutes for training the models :
                                  mean  ...  mean_corr_with_cryus
prediction_target_tyler_v4_20 0.017908  ...              0.695112
prediction_target_alpha_v4_20 0.015445  ...              0.761973
prediction_target_cyrus_v4_20 0.019078  ...              1.000000

[3 rows x 5 columns]
Traceback (most recent call last):
  File "/root/Documents/github_repos/bs_ml/main.py", line 214, in <module>
    return summary
TypeError: 'set' object is not subscriptable
['target_alan_v4_20', 'target_george_v4_20', 'target_cyrus_v4_20', 'target_nomi_v4_20']
It takes 443.6628631432851 minutes for training the models :
                                   mean  ...  mean_corr_with_cryus
prediction_target_alan_v4_20   0.010674  ...              0.664882
prediction_target_george_v4_20 0.006197  ...              0.664612
prediction_target_cyrus_v4_20  0.019078  ...              1.000000
prediction_target_nomi_v4_20   0.019094  ...              0.824809

[4 rows x 5 columns]
['target_alan_v4_20', 'target_george_v4_20', 'target_cyrus_v4_20', 'target_nomi_v4_20', 'target_victor_v4_20']
Traceback (most recent call last):
  File "/root/Documents/github_repos/bs_ml/main.py", line 236, in <module>
    validation["ensemble"] = validation.groupby("era")[ensemble_cols].rank(pct=True).mean(axis=1)
  File "/usr/local/lib/python3.9/dist-packages/pandas/core/groupby/generic.py", line 1771, in __getitem__
    return super().__getitem__(key)
  File "/usr/local/lib/python3.9/dist-packages/pandas/core/base.py", line 239, in __getitem__
    raise KeyError(f"Columns not found: {str(bad_keys)[1:-1]}")
KeyError: "Columns not found: 'prediction_target_victor_v4_20'"
python3: can't open file '/root/Documents/github_repos/bs_ml/main,py': [Errno 2] No such file or directory
Traceback (most recent call last):
  File "/root/Documents/github_repos/bs_ml/main.py", line 26, in <module>
    from analysis.least_correlated import find_least_correlated_variables_pca
ModuleNotFoundError: No module named 'analysis.least_correlated'
Traceback (most recent call last):
  File "/root/Documents/github_repos/bs_ml/main.py", line 26, in <module>
    from analysis.least_correlated import find_least_correlated_variables_pca
ModuleNotFoundError: No module named 'analysis.least_correlated'
2023-09-27 14:38:29,711 INFO numerapi.utils: target file already exists
2023-09-27 14:38:29,711 INFO numerapi.utils: download complete
2023-09-27 14:38:30,829 INFO numerapi.utils: target file already exists
2023-09-27 14:38:30,830 INFO numerapi.utils: download complete
2023-09-27 14:38:31,941 INFO numerapi.utils: target file already exists
2023-09-27 14:38:31,941 INFO numerapi.utils: download complete
2023-09-27 14:38:32,986 INFO numerapi.utils: target file already exists
2023-09-27 14:38:32,986 INFO numerapi.utils: download complete
['target_alan_v4_20', 'target_george_v4_20', 'target_cyrus_v4_20', 'target_nomi_v4_20', 'target_victor_v4_20']
It takes 41.648089317480725 minutes for training the models :
                                   mean  ...  mean_corr_with_cryus
prediction_target_alan_v4_20   0.010674  ...              0.664882
prediction_target_george_v4_20 0.006197  ...              0.664612
prediction_target_cyrus_v4_20  0.019078  ...              1.000000
prediction_target_nomi_v4_20   0.019094  ...              0.824809
prediction_target_victor_v4_20 0.018402  ...              0.828950

[5 rows x 5 columns]
['target_alan_v4_20', 'target_george_v4_20', 'target_cyrus_v4_20', 'target_nomi_v4_20', 'target_victor_v4_20']
                                   mean      std   sharpe  max_drawdown
prediction_target_alan_v4_20   0.010674 0.021367 0.499541      0.100016
prediction_target_george_v4_20 0.006197 0.011775 0.526281      0.064123
prediction_target_cyrus_v4_20  0.019078 0.020705 0.921438      0.050978
prediction_target_nomi_v4_20   0.019094 0.020716 0.921697      0.039244
prediction_target_victor_v4_20 0.018402 0.018679 0.985197      0.045998
ensemble                       0.017502 0.019246 0.909384      0.052707
----predictions-----
                  prediction
id                          
n000c6cbc80e2382    0.593105
n001fbdc5ed92bfb    0.396573
n004af9008fee7b6    0.364575
n00576a21306a727    0.489678
n008c6a7cb0be5e0    0.045211
...                      ...
nff9da6ce84f7ce4    0.742981
nffc063e38b5e532    0.839182
nffe18fe6579ec51    0.717795
nffe80222de3ca88    0.946532
nffecb78e327055d    0.088357

[4844 rows x 1 columns]
python3: can't open file '/root/Documents/github_repos/bs_ml/statistical_analysis_per_era_correlations.py': [Errno 2] No such file or directory
python3: can't open file '/root/Documents/github_repos/bs_ml/statistical_analysis_per_era_correlations.py': [Errno 2] No such file or directory
2023-09-28 14:13:38,481 INFO numerapi.utils: target file already exists
2023-09-28 14:13:38,482 INFO numerapi.utils: download complete
2023-09-28 14:13:39,714 INFO numerapi.utils: target file already exists
2023-09-28 14:13:39,714 INFO numerapi.utils: download complete
2023-09-28 14:13:40,694 INFO numerapi.utils: target file already exists
2023-09-28 14:13:40,695 INFO numerapi.utils: download complete
2023-09-28 14:13:42,117 INFO numerapi.utils: target file already exists
2023-09-28 14:13:42,118 INFO numerapi.utils: download complete
Traceback (most recent call last):
  File "/root/Documents/github_repos/bs_ml/main.py", line 115, in <module>
    target_candidates = least_correlated(target_correlations_20, amount = 1)
  File "/root/Documents/github_repos/bs_ml/main.py", line 107, in least_correlated
    if i > 0:
UnboundLocalError: local variable 'i' referenced before assignment
2023-09-28 14:27:58,105 INFO numerapi.utils: target file already exists
2023-09-28 14:27:58,105 INFO numerapi.utils: download complete
2023-09-28 14:27:59,248 INFO numerapi.utils: target file already exists
2023-09-28 14:27:59,249 INFO numerapi.utils: download complete
2023-09-28 14:28:00,259 INFO numerapi.utils: target file already exists
2023-09-28 14:28:00,259 INFO numerapi.utils: download complete
2023-09-28 14:28:01,194 INFO numerapi.utils: target file already exists
2023-09-28 14:28:01,194 INFO numerapi.utils: download complete
Traceback (most recent call last):
  File "/root/Documents/github_repos/bs_ml/main.py", line 115, in <module>
    target_candidates = least_correlated(target_correlations_20, amount = 1)
  File "/root/Documents/github_repos/bs_ml/main.py", line 107, in least_correlated
    if i > 0:
UnboundLocalError: local variable 'i' referenced before assignment
2023-09-28 14:29:33,580 INFO numerapi.utils: target file already exists
2023-09-28 14:29:33,581 INFO numerapi.utils: download complete
2023-09-28 14:29:34,661 INFO numerapi.utils: target file already exists
2023-09-28 14:29:34,661 INFO numerapi.utils: download complete
2023-09-28 14:29:35,685 INFO numerapi.utils: target file already exists
2023-09-28 14:29:35,685 INFO numerapi.utils: download complete
2023-09-28 14:29:36,701 INFO numerapi.utils: target file already exists
2023-09-28 14:29:36,701 INFO numerapi.utils: download complete
['target_cyrus_v4_20', 'target_nomi_v4_20', 'target_victor_v4_20']
It takes 24.573467330137888 minutes for training the models :
                                   mean  ...  mean_corr_with_cryus
prediction_target_cyrus_v4_20  0.019078  ...              1.000000
prediction_target_nomi_v4_20   0.019094  ...              0.824809
prediction_target_victor_v4_20 0.018402  ...              0.828950

[3 rows x 5 columns]
['target_cyrus_v4_20', 'target_nomi_v4_20', 'target_victor_v4_20']
                                   mean      std   sharpe  max_drawdown
prediction_target_cyrus_v4_20  0.019078 0.020705 0.921438      0.050978
prediction_target_nomi_v4_20   0.019094 0.020716 0.921697      0.039244
prediction_target_victor_v4_20 0.018402 0.018679 0.985197      0.045998
ensemble                       0.019785 0.020226 0.978234      0.045963
----predictions-----
                  prediction
id                          
n000710e35972c49    0.033416
n0009247ca6024f4    0.311056
n00094bf010e4396    0.848185
n000b5d9eecefb68    0.189563
n000e677f04100e2    0.082715
...                      ...
nffad8eb46a94d37    0.014026
nffc055bfc0f6029    0.281559
nffc8b1517827dd1    0.536097
nffd3e5463c83e51    0.017120
nffef374b2a3973c    0.134488

[4848 rows x 1 columns]
2023-09-28 16:07:33,189 INFO numerapi.utils: target file already exists
2023-09-28 16:07:33,189 INFO numerapi.utils: download complete
2023-09-28 16:07:34,331 INFO numerapi.utils: target file already exists
2023-09-28 16:07:34,331 INFO numerapi.utils: download complete
2023-09-28 16:07:35,293 INFO numerapi.utils: target file already exists
2023-09-28 16:07:35,294 INFO numerapi.utils: starting download
/root/Documents/github_repos/live.parquet:   0%|          | 0.00/5.90M [00:00<?, ?B/s]/root/Documents/github_repos/live.parquet: 5.92MB [00:00, 36.6MB/s]                   /root/Documents/github_repos/live.parquet: 9.58MB [00:01, 6.91MB/s]/root/Documents/github_repos/live.parquet: 11.3MB [00:01, 7.57MB/s]/root/Documents/github_repos/live.parquet: 11.8MB [00:01, 8.71MB/s]
2023-09-28 16:07:37,638 INFO numerapi.utils: target file already exists
2023-09-28 16:07:37,638 INFO numerapi.utils: download complete
['target_alan_v4_20', 'target_cyrus_v4_20', 'target_nomi_v4_20', 'target_victor_v4_20']
It takes 33.29003747701645 minutes for training the models :
                                   mean  ...  mean_corr_with_cryus
prediction_target_alan_v4_20   0.010674  ...              0.664882
prediction_target_cyrus_v4_20  0.019078  ...              1.000000
prediction_target_nomi_v4_20   0.019094  ...              0.824809
prediction_target_victor_v4_20 0.018402  ...              0.828950

[4 rows x 5 columns]
['target_alan_v4_20', 'target_cyrus_v4_20', 'target_nomi_v4_20', 'target_victor_v4_20']
                                   mean      std   sharpe  max_drawdown
prediction_target_alan_v4_20   0.010674 0.021367 0.499541      0.100016
prediction_target_cyrus_v4_20  0.019078 0.020705 0.921438      0.050978
prediction_target_nomi_v4_20   0.019094 0.020716 0.921697      0.039244
prediction_target_victor_v4_20 0.018402 0.018679 0.985197      0.045998
ensemble                       0.018910 0.020167 0.937651      0.050403
----predictions-----
                  prediction
id                          
n000b559d07fb1f6    0.232438
n0024d0d43fcebdb    0.340289
n002de418f30864c    0.726240
n003164a0466d21e    0.271694
n003ac56e7b3a231    0.355372
...                      ...
nffcecaf0be332a2    0.704959
nffdf9db1516fef4    0.496901
nffeda372d8337be    0.875620
nfff274768babba2    0.978926
nfff53b38d457c46    0.838430

[4840 rows x 1 columns]
2023-09-28 17:30:05,508 INFO numerapi.utils: target file already exists
2023-09-28 17:30:05,508 INFO numerapi.utils: download complete
2023-09-28 17:30:06,608 INFO numerapi.utils: target file already exists
2023-09-28 17:30:06,608 INFO numerapi.utils: download complete
2023-09-28 17:30:07,614 INFO numerapi.utils: target file already exists
2023-09-28 17:30:07,614 INFO numerapi.utils: download complete
2023-09-28 17:30:08,628 INFO numerapi.utils: target file already exists
2023-09-28 17:30:08,628 INFO numerapi.utils: download complete
['target_alan_v4_20', 'target_cyrus_v4_20', 'target_nomi_v4_20', 'target_victor_v4_20']
It takes 37.46810867786407 minutes for training the models :
                                   mean  ...  mean_corr_with_cryus
prediction_target_alan_v4_20   0.010674  ...              0.664882
prediction_target_cyrus_v4_20  0.019078  ...              1.000000
prediction_target_nomi_v4_20   0.019094  ...              0.824809
prediction_target_victor_v4_20 0.018402  ...              0.828950

[4 rows x 5 columns]
['target_alan_v4_20', 'target_cyrus_v4_20', 'target_nomi_v4_20', 'target_victor_v4_20']
                                   mean      std   sharpe  max_drawdown
prediction_target_alan_v4_20   0.010674 0.021367 0.499541      0.100016
prediction_target_cyrus_v4_20  0.019078 0.020705 0.921438      0.050978
prediction_target_nomi_v4_20   0.019094 0.020716 0.921697      0.039244
prediction_target_victor_v4_20 0.018402 0.018679 0.985197      0.045998
ensemble                       0.018910 0.020167 0.937651      0.050403
----predictions-----
                  prediction
id                          
n000b559d07fb1f6    0.232438
n0024d0d43fcebdb    0.340289
n002de418f30864c    0.726240
n003164a0466d21e    0.271694
n003ac56e7b3a231    0.355372
...                      ...
nffcecaf0be332a2    0.704959
nffdf9db1516fef4    0.496901
nffeda372d8337be    0.875620
nfff274768babba2    0.978926
nfff53b38d457c46    0.838430

[4840 rows x 1 columns]
2023-09-28 18:50:29,410 INFO numerapi.utils: target file already exists
2023-09-28 18:50:29,411 INFO numerapi.utils: download complete
2023-09-28 18:50:31,068 INFO numerapi.utils: target file already exists
2023-09-28 18:50:31,068 INFO numerapi.utils: download complete
2023-09-28 18:50:32,173 INFO numerapi.utils: target file already exists
2023-09-28 18:50:32,173 INFO numerapi.utils: download complete
2023-09-28 18:50:33,164 INFO numerapi.utils: target file already exists
2023-09-28 18:50:33,165 INFO numerapi.utils: download complete
['target_alan_v4_20', 'target_cyrus_v4_20', 'target_nomi_v4_20', 'target_victor_v4_20']
It takes 29.240532783667245 minutes for training the models :
                                   mean  ...  mean_corr_with_cryus
prediction_target_alan_v4_20   0.010674  ...              0.664882
prediction_target_cyrus_v4_20  0.019078  ...              1.000000
prediction_target_nomi_v4_20   0.019094  ...              0.824809
prediction_target_victor_v4_20 0.018402  ...              0.828950

[4 rows x 5 columns]
['target_alan_v4_20', 'target_cyrus_v4_20', 'target_nomi_v4_20', 'target_victor_v4_20']
                                   mean      std   sharpe  max_drawdown
prediction_target_alan_v4_20   0.010674 0.021367 0.499541      0.100016
prediction_target_cyrus_v4_20  0.019078 0.020705 0.921438      0.050978
prediction_target_nomi_v4_20   0.019094 0.020716 0.921697      0.039244
prediction_target_victor_v4_20 0.018402 0.018679 0.985197      0.045998
ensemble                       0.018910 0.020167 0.937651      0.050403
----predictions-----
                  prediction
id                          
n000b559d07fb1f6    0.232438
n0024d0d43fcebdb    0.340289
n002de418f30864c    0.726240
n003164a0466d21e    0.271694
n003ac56e7b3a231    0.355372
...                      ...
nffcecaf0be332a2    0.704959
nffdf9db1516fef4    0.496901
nffeda372d8337be    0.875620
nfff274768babba2    0.978926
nfff53b38d457c46    0.838430

[4840 rows x 1 columns]
2023-09-28 20:57:44,073 INFO numerapi.utils: target file already exists
2023-09-28 20:57:44,074 INFO numerapi.utils: download complete
2023-09-28 20:57:45,191 INFO numerapi.utils: target file already exists
2023-09-28 20:57:45,191 INFO numerapi.utils: download complete
2023-09-28 20:57:46,230 INFO numerapi.utils: target file already exists
2023-09-28 20:57:46,230 INFO numerapi.utils: download complete
2023-09-28 20:57:47,228 INFO numerapi.utils: target file already exists
2023-09-28 20:57:47,228 INFO numerapi.utils: download complete
['target_alan_v4_20', 'target_cyrus_v4_20', 'target_nomi_v4_20', 'target_victor_v4_20']
It takes 34.45313032865524 minutes for training the models :
                                   mean  ...  mean_corr_with_cryus
prediction_target_alan_v4_20   0.010674  ...              0.664882
prediction_target_cyrus_v4_20  0.019078  ...              1.000000
prediction_target_nomi_v4_20   0.019094  ...              0.824809
prediction_target_victor_v4_20 0.018402  ...              0.828950

[4 rows x 5 columns]
['target_alan_v4_20', 'target_cyrus_v4_20', 'target_nomi_v4_20', 'target_victor_v4_20']
                                   mean      std   sharpe  max_drawdown
prediction_target_alan_v4_20   0.010674 0.021367 0.499541      0.100016
prediction_target_cyrus_v4_20  0.019078 0.020705 0.921438      0.050978
prediction_target_nomi_v4_20   0.019094 0.020716 0.921697      0.039244
prediction_target_victor_v4_20 0.018402 0.018679 0.985197      0.045998
ensemble                       0.018910 0.020167 0.937651      0.050403
----predictions-----
                  prediction
id                          
n000b559d07fb1f6    0.232438
n0024d0d43fcebdb    0.340289
n002de418f30864c    0.726240
n003164a0466d21e    0.271694
n003ac56e7b3a231    0.355372
...                      ...
nffcecaf0be332a2    0.704959
nffdf9db1516fef4    0.496901
nffeda372d8337be    0.875620
nfff274768babba2    0.978926
nfff53b38d457c46    0.838430

[4840 rows x 1 columns]
2023-09-28 22:49:29,683 INFO numerapi.utils: target file already exists
2023-09-28 22:49:29,684 INFO numerapi.utils: download complete
2023-09-28 22:49:30,822 INFO numerapi.utils: target file already exists
2023-09-28 22:49:30,823 INFO numerapi.utils: download complete
2023-09-28 22:49:31,979 INFO numerapi.utils: target file already exists
2023-09-28 22:49:31,980 INFO numerapi.utils: download complete
2023-09-28 22:49:32,982 INFO numerapi.utils: target file already exists
2023-09-28 22:49:32,982 INFO numerapi.utils: download complete
Traceback (most recent call last):
  File "/root/Documents/github_repos/bs_ml/main.py", line 116, in <module>
    target_candidates = least_correlated(target_correlations_20, amount = 5)
  File "/root/Documents/github_repos/bs_ml/main.py", line 111, in least_correlated
    least_correlated_variable = variable_names[least_correlated_pairs[i][0]]
IndexError: tuple index out of range
2023-09-29 15:02:46,503 INFO numerapi.utils: target file already exists
2023-09-29 15:02:46,504 INFO numerapi.utils: download complete
2023-09-29 15:02:47,606 INFO numerapi.utils: target file already exists
