,target_nomi_v4_20,target_tyler_v4_20,target_victor_v4_20,target_ralph_v4_20,target_waldo_v4_20,target_jerome_v4_20,target_janet_v4_20,target_ben_v4_20,target_alan_v4_20,target_paul_v4_20,target_george_v4_20,target_william_v4_20,target_arthur_v4_20,target_thomas_v4_20,target_cyrus_v4_20,target_caroline_v4_20,target_sam_v4_20,target_xerxes_v4_20,target_alpha_v4_20,target_bravo_v4_20,target_charlie_v4_20,target_delta_v4_20,target_echo_v4_20,target_jeremy_v4_20,target_teager_v4_20,target_agnes_v4_20,target_claudia_v4_20,target_rowan_v4_20
target_nomi_v4_20,1.0,0.7425492986792589,0.9445214279923076,0.8662939804658937,0.8222331297612486,0.796838719223457,0.6901429946854803,0.8213199529266663,0.680472953450711,0.7805821741713427,0.7266512866125933,0.8629125608590513,0.7156581564940566,0.8832004760092655,0.8400378117463095,0.8502816031243545,0.8448230852288815,0.835207685581672,0.7970726401734954,0.833091886311757,0.8006306562990684,0.8010225640322153,0.8624149569248543,0.7948545741797242,0.6894192224501956,0.7452306681940922,0.7200201346047803,0.6670796908637826
target_tyler_v4_20,0.7425492986792589,1.0,0.7365012497547114,0.7093625532773498,0.7195105143263758,0.7016300975059394,0.6136167089249526,0.7190362122248402,0.5971614587851525,0.6853039769421313,0.6450203122266709,0.7173807628941556,0.6060970400975365,0.723254963618394,0.6948393663806882,0.6954804737359808,0.692517248136584,0.6918181379059732,0.6665036087598766,0.6893629372727162,0.6687663226521472,0.6679669583358866,0.7078981906777484,0.7004035778768662,0.6124546455061788,0.6702603570011191,0.6097041096274736,0.5998289647086755
target_victor_v4_20,0.9445214279923076,0.7365012497547114,1.0,0.8642006492270281,0.8208810827866325,0.7948681386682699,0.7030627247299849,0.8122959014318419,0.6925202709378712,0.7786943261448888,0.7205104299170133,0.8612507878900932,0.730885977143385,0.8738192551549386,0.8414114244845543,0.8515426378331017,0.8461430055184006,0.8366114219520157,0.81142906782013,0.827368007581712,0.8141836412700173,0.7999026954277345,0.8562860073307901,0.792898663727594,0.7060504517558959,0.7401566398965131,0.7376904281266239,0.6831407346286933
target_ralph_v4_20,0.8662939804658937,0.7093625532773498,0.8642006492270281,1.0,0.8669302144996367,0.8043420007268975,0.6954043386304993,0.7817913658430513,0.6679300082181654,0.7867526749835009,0.6960793234629442,0.8601173709552595,0.7164040113585698,0.8290775806862862,0.8980945986112374,0.8828375223016324,0.8760996676785803,0.8900156673286101,0.7747311393883167,0.8056041106549702,0.7777023716536059,0.811081142061078,0.8509086563207097,0.8079287427862891,0.7126773024324027,0.7251451735862691,0.7457504907637746,0.7000973546740836
target_waldo_v4_20,0.8222331297612486,0.7195105143263758,0.8208810827866325,0.8669302144996367,1.0,0.8431815069135321,0.7079287123266964,0.8166301327061604,0.6670141821153036,0.8165750116261132,0.7220814545996944,0.822046537136023,0.6871516539001741,0.7923418348480576,0.8337756322149235,0.8356688236970005,0.8309417848252187,0.8296128088961989,0.7349213162394269,0.7612771230147521,0.7374924925447625,0.7643912803348233,0.8009335126992831,0.8405094563681687,0.7139880396215728,0.7368610629456711,0.7092010684690029,0.6993234210452646
target_jerome_v4_20,0.796838719223457,0.7016300975059394,0.7948681386682699,0.8043420007268975,0.8431815069135321,1.0,0.6837088467972158,0.798292867210581,0.6499403058590095,0.9101804376570849,0.7616738758130831,0.8794985712790213,0.6824837701973261,0.7764761177279503,0.7833966131605354,0.7837141246990652,0.7802376593176851,0.779837313392503,0.7313642298907865,0.7691906257149145,0.7320834617668449,0.7693247803203034,0.7684039987984362,0.9627814258315162,0.688195732882916,0.7639839553383851,0.6832040723164741,0.6738225851845014
target_janet_v4_20,0.6901429946854803,0.6136167089249526,0.7030627247299849,0.6954043386304993,0.7079287123266964,0.6837088467972158,1.0,0.672640471082287,0.7661478330806035,0.6905683622816117,0.6230618385866462,0.7260806145074047,0.8456032321942146,0.6809033845729319,0.6846203257274774,0.686922935246001,0.6842257249921355,0.6823372072853535,0.6760388779484774,0.6588438646770656,0.6768341560464183,0.6679298281632168,0.6691185752907836,0.6911419595130888,0.670086438368689,0.6361816646122058,0.6692626428304026,0.6571783065247288
target_ben_v4_20,0.8213199529266663,0.7190362122248402,0.8122959014318419,0.7817913658430513,0.8166301327061604,0.798292867210581,0.672640471082287,1.0,0.6567324666619374,0.7736918232271621,0.7615255323461875,0.7851649080968293,0.6532068584778374,0.873036929616514,0.7636668783364766,0.7639677916902037,0.7603165608328222,0.7601919274524386,0.730120222006611,0.7648567570590764,0.7324593307638808,0.7312908290044798,0.7853730220836682,0.7967753851258623,0.6688555009631677,0.7789926414739808,0.6634190392093623,0.6545163748948339
target_alan_v4_20,0.680472953450711,0.5971614587851525,0.6925202709378712,0.6679300082181654,0.6670141821153036,0.6499403058590095,0.7661478330806035,0.6567324666619374,1.0,0.6366997431079066,0.5836340534957879,0.6785523225730641,0.7650956371551582,0.7049019125290117,0.65963512832905,0.6620395380411189,0.6596283064533158,0.6575045576880384,0.658067034576889,0.6337035255435701,0.6603981605910493,0.63903191779662,0.655211607475042,0.6487813892149944,0.6357076506334762,0.5980268947605795,0.6405311534764065,0.6217698307674118
target_paul_v4_20,0.7805821741713427,0.6853039769421313,0.7786943261448888,0.7867526749835009,0.8165750116261132,0.9101804376570849,0.6905683622816117,0.7736918232271621,0.6366997431079066,1.0,0.7696619120938079,0.8600387057081763,0.6702918726752259,0.7583270099655646,0.7659775724499127,0.7671140413022123,0.7634135746095241,0.762728777673563,0.7158366572743791,0.7531235189553783,0.716799488418828,0.7533667576803154,0.7521791980645351,0.9024204597531073,0.6736040358313203,0.7423687252346605,0.6694323591748524,0.6596848658886256
target_george_v4_20,0.7266512866125933,0.6450203122266709,0.7205104299170133,0.6960793234629442,0.7220814545996944,0.7616738758130831,0.6230618385866462,0.7615255323461875,0.5836340534957879,0.7696619120938079,1.0,0.7499891325272344,0.60159629459124,0.7345658136731515,0.6821284990079453,0.6825594890896999,0.6797961780469105,0.6794371116763432,0.6989728765429591,0.7663006402081946,0.6973518843408438,0.7154291493199656,0.7201480419075209,0.7593072256849787,0.603999615503822,0.819958434663752,0.5986024457902204,0.5902602455273673
target_william_v4_20,0.8629125608590513,0.7173807628941556,0.8612507878900932,0.8601173709552595,0.822046537136023,0.8794985712790213,0.7260806145074047,0.7851649080968293,0.6785523225730641,0.8600387057081763,0.7499891325272344,1.0,0.7364509104412734,0.8491111616849172,0.8376714795469039,0.8449431949976894,0.8407477357069936,0.8335380411215222,0.7852404247684711,0.8249231955508102,0.7858570022041507,0.8230842873780221,0.8252604379158821,0.8771468453670714,0.7007217947320324,0.7649844331160107,0.7308032223817897,0.6787432462584968
target_arthur_v4_20,0.7156581564940566,0.6060970400975365,0.730885977143385,0.7164040113585698,0.6871516539001741,0.6824837701973261,0.8456032321942146,0.6532068584778374,0.7650956371551582,0.6702918726752259,0.60159629459124,0.7364509104412734,1.0,0.7128957619517556,0.7048233251973842,0.7118467700698279,0.7091141146553867,0.7025293916103668,0.7001385388496822,0.6769814076527627,0.7012053987047091,0.6885426483251816,0.6892037796467014,0.6797605046024553,0.6648568561517213,0.6195524295746211,0.6950502048364743,0.6447621161053165
target_thomas_v4_20,0.8832004760092655,0.723254963618394,0.8738192551549386,0.8290775806862862,0.7923418348480576,0.7764761177279503,0.6809033845729319,0.873036929616514,0.7049019125290117,0.7583270099655646,0.7345658136731515,0.8491111616849172,0.7128957619517556,1.0,0.8087254072343653,0.8163029454684285,0.811996093686752,0.8047276108611908,0.7762001909392917,0.8121494022060813,0.7794801187593826,0.7794162261553855,0.8333622026140352,0.77492979159479,0.6722890435758839,0.760019975012397,0.7022795257006287,0.650971455801725
target_cyrus_v4_20,0.8400378117463095,0.6948393663806882,0.8414114244845543,0.8980945986112374,0.8337756322149235,0.7833966131605354,0.6846203257274774,0.7636668783364766,0.65963512832905,0.7659775724499127,0.6821284990079453,0.8376714795469039,0.7048233251973842,0.8087254072343653,1.0,0.9388704948751615,0.923488118599347,0.9514741105277612,0.7615408584351856,0.8032013411471715,0.7652118575420684,0.807415806042533,0.8537684387782049,0.7868339858443708,0.7018115379871307,0.710427981876972,0.7333422802773679,0.6891294160636107
target_caroline_v4_20,0.8502816031243545,0.6954804737359808,0.8515426378331017,0.8828375223016324,0.8356688236970005,0.7837141246990652,0.686922935246001,0.7639677916902037,0.6620395380411189,0.7671140413022123,0.6825594890896999,0.8449431949976894,0.7118467700698279,0.8163029454684285,0.9388704948751615,1.0,0.9519428632625273,0.9242449307995545,0.7550559255935765,0.7943555334066867,0.7587813867369345,0.7994815172081019,0.8439762054589398,0.7821813669637028,0.6963441654512744,0.7064422977756336,0.7276023670501359,0.6738757833659403
target_sam_v4_20,0.8448230852288815,0.692517248136584,0.8461430055184006,0.8760996676785803,0.8309417848252187,0.7802376593176851,0.6842257249921355,0.7603165608328222,0.6596283064533158,0.7634135746095241,0.6797961780469105,0.8407477357069936,0.7091141146553867,0.811996093686752,0.923488118599347,0.9519428632625273,1.0,0.9375484591220306,0.7515673222983305,0.7898222384248712,0.7551157210735938,0.794566303841988,0.8381651395432513,0.7783559831452491,0.6938378954160843,0.7038144531184045,0.724708800601342,0.6714323599596292
target_xerxes_v4_20,0.835207685581672,0.6918181379059732,0.8366114219520157,0.8900156673286101,0.8296128088961989,0.779837313392503,0.6823372072853535,0.7601919274524386,0.6575045576880384,0.762728777673563,0.6794371116763432,0.8335380411215222,0.7025293916103668,0.8047276108611908,0.9514741105277612,0.9242449307995545,0.9375484591220306,1.0,0.7581926225648733,0.7981765844161319,0.7618180518318045,0.802696049039996,0.8477965345175823,0.7830894022917725,0.699756126725184,0.7076428481790134,0.730910821192648,0.6871144507015085
target_alpha_v4_20,0.7970726401734954,0.6665036087598766,0.81142906782013,0.7747311393883167,0.7349213162394269,0.7313642298907865,0.6760388779484774,0.730120222006611,0.658067034576889,0.7158366572743791,0.6989728765429591,0.7852404247684711,0.7001385388496822,0.7762001909392917,0.7615408584351856,0.7550559255935765,0.7515673222983305,0.7581926225648733,1.0,0.788352884282753,0.8251148696912797,0.7638834124477397,0.7765315121580766,0.7334924122751031,0.6821221156713406,0.7137534203165876,0.7113980149298847,0.6693738355669946
target_bravo_v4_20,0.833091886311757,0.6893629372727162,0.827368007581712,0.8056041106549702,0.7612771230147521,0.7691906257149145,0.6588438646770656,0.7648567570590764,0.6337035255435701,0.7531235189553783,0.7663006402081946,0.8249231955508102,0.6769814076527627,0.8121494022060813,0.8032013411471715,0.7943555334066867,0.7898222384248712,0.7981765844161319,0.788352884282753,1.0,0.7932592034287915,0.8380886046704227,0.86400661589767,0.772008779308984,0.6543375216524566,0.7781194275664592,0.6824225786102136,0.6429674538228397
target_charlie_v4_20,0.8006306562990684,0.6687663226521472,0.8141836412700173,0.7777023716536059,0.7374924925447625,0.7320834617668449,0.6768341560464183,0.7324593307638808,0.6603981605910493,0.716799488418828,0.6973518843408438,0.7858570022041507,0.7012053987047091,0.7794801187593826,0.7652118575420684,0.7587813867369345,0.7551157210735938,0.7618180518318045,0.8251148696912797,0.7932592034287915,1.0,0.764507349096543,0.7799784098945902,0.7345138844948614,0.6828201419426784,0.7128233622291869,0.7123716944455203,0.6700714385356047
target_delta_v4_20,0.8010225640322153,0.6679669583358866,0.7999026954277345,0.811081142061078,0.7643912803348233,0.7693247803203034,0.6679298281632168,0.7312908290044798,0.63903191779662,0.7533667576803154,0.7154291493199656,0.8230842873780221,0.6885426483251816,0.7794162261553855,0.807415806042533,0.7994815172081019,0.794566303841988,0.802696049039996,0.7638834124477397,0.8380886046704227,0.764507349096543,1.0,0.7965000552993323,0.7714262424975127,0.6589209326387833,0.7301625046624292,0.6876010396345492,0.6469392778186105
target_echo_v4_20,0.8624149569248543,0.7078981906777484,0.8562860073307901,0.8509086563207097,0.8009335126992831,0.7684039987984362,0.6691185752907836,0.7853730220836682,0.655211607475042,0.7521791980645351,0.7201480419075209,0.8252604379158821,0.6892037796467014,0.8333622026140352,0.8537684387782049,0.8439762054589398,0.8381651395432513,0.8477965345175823,0.7765315121580766,0.86400661589767,0.7799784098945902,0.7965000552993323,1.0,0.7718288382281594,0.6773528007787166,0.7420788291103549,0.7066545127500605,0.6655079544457898
target_jeremy_v4_20,0.7948545741797242,0.7004035778768662,0.792898663727594,0.8079287427862891,0.8405094563681687,0.9627814258315162,0.6911419595130888,0.7967753851258623,0.6487813892149944,0.9024204597531073,0.7593072256849787,0.8771468453670714,0.6797605046024553,0.77492979159479,0.7868339858443708,0.7821813669637028,0.7783559831452491,0.7830894022917725,0.7334924122751031,0.772008779308984,0.7345138844948614,0.7714262424975127,0.7718288382281594,1.0,0.6900165963473468,0.7655191958889349,0.6858840156133845,0.6785517294071765
target_teager_v4_20,0.6894192224501956,0.6124546455061788,0.7060504517558959,0.7126773024324027,0.7139880396215728,0.688195732882916,0.670086438368689,0.6688555009631677,0.6357076506334762,0.6736040358313203,0.603999615503822,0.7007217947320324,0.6648568561517213,0.6722890435758839,0.7018115379871307,0.6963441654512744,0.6938378954160843,0.699756126725184,0.6821221156713406,0.6543375216524566,0.6828201419426784,0.6589209326387833,0.6773528007787166,0.6900165963473468,1.0,0.6456718613485913,0.8379120538472682,0.8850028763519865
target_agnes_v4_20,0.7452306681940922,0.6702603570011191,0.7401566398965131,0.7251451735862691,0.7368610629456711,0.7639839553383851,0.6361816646122058,0.7789926414739808,0.5980268947605795,0.7423687252346605,0.819958434663752,0.7649844331160107,0.6195524295746211,0.760019975012397,0.710427981876972,0.7064422977756336,0.7038144531184045,0.7076428481790134,0.7137534203165876,0.7781194275664592,0.7128233622291869,0.7301625046624292,0.7420788291103549,0.7655191958889349,0.6456718613485913,1.0,0.6309838413983833,0.6319019721783645
target_claudia_v4_20,0.7200201346047803,0.6097041096274736,0.7376904281266239,0.7457504907637746,0.7092010684690029,0.6832040723164741,0.6692626428304026,0.6634190392093623,0.6405311534764065,0.6694323591748524,0.5986024457902204,0.7308032223817897,0.6950502048364743,0.7022795257006287,0.7333422802773679,0.7276023670501359,0.724708800601342,0.730910821192648,0.7113980149298847,0.6824225786102136,0.7123716944455203,0.6876010396345492,0.7066545127500605,0.6858840156133845,0.8379120538472682,0.6309838413983833,1.0,0.812984163512845
target_rowan_v4_20,0.6670796908637826,0.5998289647086755,0.6831407346286933,0.7000973546740836,0.6993234210452646,0.6738225851845014,0.6571783065247288,0.6545163748948339,0.6217698307674118,0.6596848658886256,0.5902602455273673,0.6787432462584968,0.6447621161053165,0.650971455801725,0.6891294160636107,0.6738757833659403,0.6714323599596292,0.6871144507015085,0.6693738355669946,0.6429674538228397,0.6700714385356047,0.6469392778186105,0.6655079544457898,0.6785517294071765,0.8850028763519865,0.6319019721783645,0.812984163512845,1.0
