,target_nomi_v4_20,target_tyler_v4_20,target_victor_v4_20,target_ralph_v4_20,target_waldo_v4_20,target_jerome_v4_20,target_janet_v4_20,target_ben_v4_20,target_alan_v4_20,target_paul_v4_20,target_george_v4_20,target_william_v4_20,target_arthur_v4_20,target_thomas_v4_20,target_cyrus_v4_20,target_caroline_v4_20,target_sam_v4_20,target_xerxes_v4_20,target_alpha_v4_20,target_bravo_v4_20,target_charlie_v4_20,target_delta_v4_20,target_echo_v4_20,target_jeremy_v4_20
target_nomi_v4_20,1.0,0.7434446634495397,0.9448728919407413,0.8663016714195426,0.8222850088415253,0.7980613746256627,0.6902263826863703,0.8199841587875639,0.6797075916005946,0.7820096741630811,0.7238014759758693,0.8638730493555983,0.7164558559312345,0.881408904220353,0.8401829207909068,0.8505141163312018,0.8450579753323183,0.835176206072299,0.7967881456310221,0.8317131707444895,0.7994735474630552,0.8006213143753933,0.8617146486066372,0.7960620496602877
target_tyler_v4_20,0.7434446634495397,1.0,0.7373269233591001,0.7096919463751364,0.7202336837004141,0.70359356680205,0.6142750001244573,0.7187926873681418,0.5972821188065461,0.6873408346500871,0.6434537524201263,0.7192318537702704,0.6073842037112714,0.7227287476813307,0.6954029888092992,0.696642960588851,0.6937674231515875,0.6925167891419286,0.6671151960954745,0.6897565015837471,0.6694276974186032,0.6680633280086717,0.708803109948643,0.702689651096013
target_victor_v4_20,0.9448728919407413,0.7373269233591001,1.0,0.8640916140868519,0.820644467144944,0.7961136511779786,0.7029886558893204,0.8112748589673388,0.6916799341025132,0.7800259279894456,0.7179960580463177,0.8622196603325749,0.7315155872068577,0.8720404949740942,0.8414223796155808,0.8517357847970328,0.8465696329713963,0.8365910806300457,0.8110395427696409,0.8262341300623044,0.8135971253550667,0.7993481848982077,0.8556860087120256,0.7941391745699904
target_ralph_v4_20,0.8663016714195426,0.7096919463751364,0.8640916140868519,1.0,0.8669045374730678,0.8052407995510295,0.6953885974638867,0.7810032910568336,0.6678638258844952,0.7878236531829658,0.6940341486832354,0.8606452028630908,0.7169414686876192,0.8278294288219945,0.897582922949328,0.8826032314093613,0.876050289767352,0.8898835871600417,0.7741944537477791,0.8048067894022267,0.776774190869262,0.8101667633659327,0.8511237342779108,0.8086430490901644
target_waldo_v4_20,0.8222850088415253,0.7202336837004141,0.820644467144944,0.8669045374730678,1.0,0.8447435391815651,0.7076085085035834,0.81528520566896,0.6663726061693187,0.8183085077438546,0.7199822697526185,0.822856499826994,0.6874601544303495,0.7912673465414519,0.8334585795403499,0.8356015580792641,0.8311960222641026,0.8291215731986713,0.7344946511221935,0.7606647471109506,0.7371603519571518,0.7634466792085413,0.8010265917758143,0.8417951081622285
target_jerome_v4_20,0.7980613746256627,0.70359356680205,0.7961136511779786,0.8052407995510295,0.8447435391815651,1.0,0.6842360080850963,0.7986675418913324,0.6495387542720705,0.9107453474127587,0.7573603604697183,0.8792589126751839,0.6830242672169725,0.7762753676685203,0.7843105964593244,0.7849728240811853,0.7816593793894295,0.780939796370448,0.7308735447705276,0.7683831712875484,0.731579013190732,0.767485603401032,0.7694515974063781,0.9626808517569025
target_janet_v4_20,0.6902263826863703,0.6142750001244573,0.7029886558893204,0.6953885974638867,0.7076085085035834,0.6842360080850963,1.0,0.6718749283721168,0.764076993698434,0.6907824169189554,0.6208073900362315,0.7266411191123705,0.8462666451549793,0.6794009417994306,0.684523490233155,0.6868142500919654,0.6844235004455695,0.6821752867638642,0.6750333830291031,0.6579630785318799,0.675734018873648,0.6668886531578652,0.6694865261257855,0.6918311465581244
target_ben_v4_20,0.8199841587875639,0.7187926873681418,0.8112748589673388,0.7810032910568336,0.81528520566896,0.7986675418913324,0.6718749283721168,1.0,0.6566286679517241,0.7744701805915324,0.7580413805385966,0.7855947406366937,0.6533042829764396,0.8730319069384727,0.763262518875828,0.7638902891987903,0.7604772051829652,0.7599146958233992,0.7290326106274035,0.7632005692344109,0.731172887645521,0.7306157580116481,0.783832611209892,0.7969955541155112
target_alan_v4_20,0.6797075916005946,0.5972821188065461,0.6916799341025132,0.6678638258844952,0.6663726061693187,0.6495387542720705,0.764076993698434,0.6566286679517241,1.0,0.6367162502416125,0.5818844505617561,0.6784515144240871,0.7630875556759246,0.7041931519621653,0.659147258974898,0.6614848657121754,0.6592216125215417,0.6566814767224471,0.6570815897799261,0.6330682171650891,0.6588378746431044,0.6376885999745393,0.6547584948893703,0.6487153351685438
target_paul_v4_20,0.7820096741630811,0.6873408346500871,0.7800259279894456,0.7878236531829658,0.8183085077438546,0.9107453474127587,0.6907824169189554,0.7744701805915324,0.6367162502416125,1.0,0.7649012943582987,0.8602412008459851,0.6708673112504915,0.7583320482681629,0.7672609636515727,0.768398735409701,0.7648863288937439,0.7639250565788422,0.7154466129851242,0.7519291404669874,0.716248741885088,0.7514395031994919,0.7531789910894938,0.902935608102984
target_george_v4_20,0.7238014759758693,0.6434537524201263,0.7179960580463177,0.6940341486832354,0.7199822697526185,0.7573603604697183,0.6208073900362315,0.7580413805385966,0.5818844505617561,0.7649012943582987,1.0,0.7460766415991141,0.5997533097145586,0.7310843363046807,0.6800284816784107,0.6806849011336074,0.6781052245770375,0.6772624693911693,0.6962750562642134,0.7638530879571609,0.6951308409914481,0.7131575693935568,0.7170864519049878,0.7550993192245723
target_william_v4_20,0.8638730493555983,0.7192318537702704,0.8622196603325749,0.8606452028630908,0.822856499826994,0.8792589126751839,0.7266411191123705,0.7855947406366937,0.6784515144240871,0.8602412008459851,0.7460766415991141,1.0,0.7373773326864915,0.8485447019918748,0.8380084406828645,0.8456209140379359,0.8415287880230271,0.8339104597734214,0.7846007993661661,0.8233758630599219,0.785262156551687,0.8212744289841862,0.8258874120892676,0.8769262918142338
target_arthur_v4_20,0.7164558559312345,0.6073842037112714,0.7315155872068577,0.7169414686876192,0.6874601544303495,0.6830242672169725,0.8462666451549793,0.6533042829764396,0.7630875556759246,0.6708673112504915,0.5997533097145586,0.7373773326864915,1.0,0.7123132526639787,0.7054946314645415,0.7124408769980871,0.709824596786935,0.7029906372587466,0.6997385079847234,0.6764732178367957,0.7006138117233508,0.6876282111738933,0.6898680947264435,0.6804921137846885
target_thomas_v4_20,0.881408904220353,0.7227287476813307,0.8720404949740942,0.8278294288219945,0.7912673465414519,0.7762753676685203,0.6794009417994306,0.8730319069384727,0.7041931519621653,0.7583320482681629,0.7310843363046807,0.8485447019918748,0.7123132526639787,1.0,0.8076676575846772,0.815270716118786,0.8111029604873976,0.8036202305733862,0.7744828359667649,0.8095510921611314,0.7772102194223791,0.7777572087599695,0.8313401396294153,0.7747478759504205
target_cyrus_v4_20,0.8401829207909068,0.6954029888092992,0.8414223796155808,0.897582922949328,0.8334585795403499,0.7843105964593244,0.684523490233155,0.763262518875828,0.659147258974898,0.7672609636515727,0.6800284816784107,0.8380084406828645,0.7054946314645415,0.8076676575846772,1.0,0.9384313854222671,0.9232218219174836,0.9517688811431433,0.7617776045309849,0.8023786473904984,0.7648070912783089,0.8065040006394228,0.8543113446007733,0.7874157855538144
target_caroline_v4_20,0.8505141163312018,0.696642960588851,0.8517357847970328,0.8826032314093613,0.8356015580792641,0.7849728240811853,0.6868142500919654,0.7638902891987903,0.6614848657121754,0.768398735409701,0.6806849011336074,0.8456209140379359,0.7124408769980871,0.815270716118786,0.9384313854222671,1.0,0.951630412779378,0.9235149099289647,0.7553956431828344,0.7938418336967464,0.7585480710281226,0.7985665586143612,0.844453368635871,0.7831216629751623
target_sam_v4_20,0.8450579753323183,0.6937674231515875,0.8465696329713963,0.876050289767352,0.8311960222641026,0.7816593793894295,0.6844235004455695,0.7604772051829652,0.6592216125215417,0.7648863288937439,0.6781052245770375,0.8415287880230271,0.709824596786935,0.8111029604873976,0.9232218219174836,0.951630412779378,1.0,0.9369475831875467,0.7522002356599299,0.7893817304946901,0.7553013735400859,0.7938943049683436,0.8387923750033098,0.7797068277705341
target_xerxes_v4_20,0.835176206072299,0.6925167891419286,0.8365910806300457,0.8898835871600417,0.8291215731986713,0.780939796370448,0.6821752867638642,0.7599146958233992,0.6566814767224471,0.7639250565788422,0.6772624693911693,0.8339104597734214,0.7029906372587466,0.8036202305733862,0.9517688811431433,0.9235149099289647,0.9369475831875467,1.0,0.7583096150092904,0.7976920653481658,0.7613556640870075,0.8018636352764421,0.8483286557704246,0.7839684906246052
target_alpha_v4_20,0.7967881456310221,0.6671151960954745,0.8110395427696409,0.7741944537477791,0.7344946511221935,0.7308735447705276,0.6750333830291031,0.7290326106274035,0.6570815897799261,0.7154466129851242,0.6962750562642134,0.7846007993661661,0.6997385079847234,0.7744828359667649,0.7617776045309849,0.7553956431828344,0.7522002356599299,0.7583096150092904,1.0,0.7870040353301851,0.824908338438351,0.7631136966035218,0.7754213035988041,0.7330901037974547
target_bravo_v4_20,0.8317131707444895,0.6897565015837471,0.8262341300623044,0.8048067894022267,0.7606647471109506,0.7683831712875484,0.6579630785318799,0.7632005692344109,0.6330682171650891,0.7519291404669874,0.7638530879571609,0.8233758630599219,0.6764732178367957,0.8095510921611314,0.8023786473904984,0.7938418336967464,0.7893817304946901,0.7976920653481658,0.7870040353301851,1.0,0.7922124314638628,0.8386548195502437,0.862598379335999,0.770956520588198
target_charlie_v4_20,0.7994735474630552,0.6694276974186032,0.8135971253550667,0.776774190869262,0.7371603519571518,0.731579013190732,0.675734018873648,0.731172887645521,0.6588378746431044,0.716248741885088,0.6951308409914481,0.785262156551687,0.7006138117233508,0.7772102194223791,0.7648070912783089,0.7585480710281226,0.7553013735400859,0.7613556640870075,0.824908338438351,0.7922124314638628,1.0,0.7639404465026545,0.7786635455091261,0.733955868154614
target_delta_v4_20,0.8006213143753933,0.6680633280086717,0.7993481848982077,0.8101667633659327,0.7634466792085413,0.767485603401032,0.6668886531578652,0.7306157580116481,0.6376885999745393,0.7514395031994919,0.7131575693935568,0.8212744289841862,0.6876282111738933,0.7777572087599695,0.8065040006394228,0.7985665586143612,0.7938943049683436,0.8018636352764421,0.7631136966035218,0.8386548195502437,0.7639404465026545,1.0,0.7957981202308372,0.7695180778739117
target_echo_v4_20,0.8617146486066372,0.708803109948643,0.8556860087120256,0.8511237342779108,0.8010265917758143,0.7694515974063781,0.6694865261257855,0.783832611209892,0.6547584948893703,0.7531789910894938,0.7170864519049878,0.8258874120892676,0.6898680947264435,0.8313401396294153,0.8543113446007733,0.844453368635871,0.8387923750033098,0.8483286557704246,0.7754213035988041,0.862598379335999,0.7786635455091261,0.7957981202308372,1.0,0.7727926543261752
target_jeremy_v4_20,0.7960620496602877,0.702689651096013,0.7941391745699904,0.8086430490901644,0.8417951081622285,0.9626808517569025,0.6918311465581244,0.7969955541155112,0.6487153351685438,0.902935608102984,0.7550993192245723,0.8769262918142338,0.6804921137846885,0.7747478759504205,0.7874157855538144,0.7831216629751623,0.7797068277705341,0.7839684906246052,0.7330901037974547,0.770956520588198,0.733955868154614,0.7695180778739117,0.7727926543261752,1.0
